2018-12-23T15:43:10, 0, 0, 0, 0, 0, 0, $0
2018-12-23T16:01:13, 0, 0, 0, 0, 0, 0, $0
2018-12-25T12:49:54, 0, 17, 100, 14, 0, 0, $29,900
2018-12-25T12:52:56, 0, 34, 5, 41, 0, 0, $22,100
2018-12-26T13:59:33, 0, 9, 2, 4, 10, 3, $5,860
2018-12-26T14:05:48, 0, 29, 100, 16, 0, 0, $36,100
2018-12-26T14:06:57, 0, 2, 7, 11, 0, 0, $3,500
2018-12-26T14:07:54, 0, 5, 2, 2, 10, 3, $3,660
2018-12-30T11:44:14, 1, 20, 21, 28, 0, 0, $18,000
2018-12-31T11:59:28, 0, 17, 14, 12, 0, 0, $12,500
2018-12-31T12:02:18, 0, 28, 23, 24, 71, 2, $24,590
2018-12-31T12:04:30, 0, 28, 23, 24, 80, 2, $25,040
2018-12-31T12:13:02, 0, 40, 18, 14, 0, 0, $25,000
2018-12-31T12:15:02, 0, 32, 25, 0, 0, 0, $21,000
2018-12-31T12:26:28, 1, 52, 54, 47, 80, 0, $46,500
2018-12-31T12:29:29, 0, 12, 0, 13, 0, 0, $7,300
2019-01-01T14:56:00, 0, 27, 24, 40, 2, 1, $22,420
2019-01-01T16:01:13, 3, 122, 100, 100, 0, 0, $94,000
2019-01-03T12:19:40, 0, 3, 8, 1, 0, 0, $3,200
2019-01-03T12:21:14, 0, 33, 39, 15, 24, 0, $27,000
2019-01-03T12:22:19, 0, 60, 0, 0, 0, 0, $30,000
2019-01-03T12:23:32, 0, 12, 13, 12, 0, 0, $9,800
2019-01-03T12:24:27, 0, 23, 32, 21, 0, 0, $20,000
2019-01-03T12:29:04, 0, 13, 20, 45, 0, 0, $15,000
2019-01-03T12:29:35, 0, 0, 0, 50, 0, 0, $5,000
2019-01-03T12:30:35, 0, 12, 45, 0, 0, 0, $15,000
2019-01-03T12:31:47, 0, 11, 33, 22, 14, 0, $15,000
2019-01-03T12:35:22, 0, 164, 182, 165, 38, 0, $136,800
2019-01-03T12:36:14, 0, 167, 190, 166, 38, 0, $140,000
2019-01-03T13:58:42, 0, 1, 52, 64, 14, 0, $18,000
2019-01-07T10:57:58, 1, 1, 1, 1, 1, 1, $1,870
2019-01-07T10:58:30, 1, 1, 1, 1, 1, 1, $1,870
2019-01-07T10:59:00, 0, 0, 0, 0, 0, 0, $0
2019-01-07T11:00:11, 0, 0, 0, 0, 0, 0, $0
2019-01-07T11:03:18, 0, 0, 0, 0, 0, 0, $0
2019-01-07T11:03:51, 0, 0, 0, 0, 0, 0, $0
2019-01-07T11:04:06, 1, 1, 1, 1, 1, 1, $1,870
2019-01-07T11:05:08, 1, 1, 1, 1, 1, 1, $1,870
2019-01-07T11:05:35, 0, 1, 1, 1, 1, 1, $870
2019-01-07T11:08:22, 3, 49, 34, 17, 0, 0, $36,000
2019-01-07T11:09:28, 0, 0, 0, 0, 0, 0, $0
2019-01-07T11:12:30, 0, 12, 20, 23, 24, 0, $13,500
2019-01-07T11:13:08, 0, 12, 20, 23, 24, 0, $13,500
2019-01-07T11:14:07, 0, 17, 7, 1, 0, 0, $10,000
2019-01-07T11:21:09, 1, 17, 27, 32, 38, 0, $20,000
2019-01-07T11:38:44, 0, 20, 0, 0, 0, 0, $10,000
